image_width: 1288
image_height: 964
camera_name: narrow_stereo
camera_matrix:
  rows: 3
  cols: 3
  data: [766.946586, 0.000000, 668.228864, 0.000000, 764.392423, 492.321615, 0.000000, 0.000000, 1.000000]
distortion_model: plumb_bob
distortion_coefficients:
  rows: 1
  cols: 5
  data: [-0.284874, 0.068606, 0.001022, -0.000327, 0.000000]
rectification_matrix:
  rows: 3
  cols: 3
  data: [1.000000, 0.000000, 0.000000, 0.000000, 1.000000, 0.000000, 0.000000, 0.000000, 1.000000]
projection_matrix:
  rows: 3
  cols: 4
  data: [577.280640, 0.000000, 681.264415, 0.000000, 0.000000, 663.695251, 497.544764, 0.000000, 0.000000, 0.000000, 1.000000, 0.000000]
